Kv = 0.08
Kr = 0.01
survival_time = 7.000000000000672
avg_velocity = 0.2315609570898371
